update articulos_articulos set rubro_id =12 where codigo  in 
(
53,54,55,56,57,59,60,63,75,136,154,174,190,211,212,213,214,215,217,218,248,251,252,253,263,264,265,266,286,287,288,293,295,302,305,306,315,320,325,326,329
);

update articulos_articulos set rubro_id =13 where codigo  in 
(
23,24,28,29,30,32,34,35,36,37,38,41,42,43,62,69,77,78,79,98,156,159,160,161,162,163,164,167,200,285,311
);


update articulos_articulos set rubro_id =14 where codigo  in 
(
1,58,72,86,101,102,104,106,109,110,112,114,117,126,127,128,129,130,131,132,134,137,141,143,145,146,147,148,149,150,151,152,153,185,194,205,207,220,221,222,223,225,226,230,231,234,235,236,272,273,274,275,276,278,279
);


update articulos_articulos set rubro_id =15 where codigo  in 
(
3,5,7,9,10,13,14,15,16,17,18,19,20,21,22,25,26,76,89,95,107,108,224,232,259,296,317,333
);


update articulos_articulos set rubro_id =16 where codigo  in 
(
44,45,46,47,48,49,50,51,52,71,92,123,125,166,168
);


